Abhor (592 )
Able (581 )
About (201 317 346 395 414 419 430 454 571 601 667 )
Above (122 229 337 )
Abruptly (108 )
Absently (603 )
Absolute (492 )
Acrid (150 )
Across (215 509 684 691 734 871 943 )
Activates (685 )
Advance (722 )
Affected (169 )
After (69 484 960 966 )
Again (86 222 280 284 412 453 454 467 471 475 491 508 512 521 526 530 534 614 662 708 808 884 )
Against (125 149 209 458 573 725 790 924 933 )
Age (59 )
Agitated (65 )
Ago (516 )
Air (68 285 379 )
Airplane (770 773 1009 )
Airport (749 760 768 772 1006 1007 1008 1010 )
Alcohol (149 )
Alight (309 527 )
Alighting (471 )
Alive (889 907 )
All (147 152 172 175 201 218 221 252 275 341 342 366 403 407 416 446 471 507 511 512 520 525 526 529 533 534 536 554 576 579 583 586 592 601 633 667 682 684 697 781 815 829 837 873 878 898 899 913 914 919 952 960 966 )
Allan (318 )
Allow (883 )
Allowing (873 )
Almost (82 89 272 583 )
Alone (369 729 734 781 845 857 861 899 913 914 )
Aloneâ (858 862 )
Along (328 638 745 871 )
Already (78 879 )
Amassed (906 )
Amicable (160 )
Amongst (454 )
And (58 59 60 61 65 66 67 69 73 77 84 85 86 92 98 99 110 114 124 125 127 128 130 135 136 137 140 142 144 145 147 149 150 154 157 158 159 160 161 164 168 169 177 179 180 181 182 188 194 201 205 209 210 213 215 223 224 226 227 228 230 231 233 236 239 254 261 268 272 282 283 292 294 300 301 305 311 314 318 321 327 331 334 339 340 346 350 352 354 357 358 364 365 366 372 374 375 377 380 382 383 384 387 392 396 404 407 409 415 416 417 422 426 428 431 438 443 448 451 454 468 484 488 497 498 500 507 509 511 517 518 520 525 529 533 538 539 549 551 554 559 568 569 572 575 576 581 587 595 601 603 609 617 618 621 639 643 647 651 656 658 669 671 672 673 675 676 678 679 684 690 708 721 725 734 738 744 747 753 756 763 775 777 782 788 793 798 801 803 808 810 812 813 823 827 829 834 842 844 851 855 856 857 860 861 864 865 868 870 872 873 875 876 879 884 885 892 905 909 911 916 919 930 940 941 942 945 948 959 960 961 968 969 )
Anesthetic (144 )
Anger (96 )
Angrily (504 )
Angry (340 572 )
Another (79 105 108 118 283 382 402 422 513 551 561 565 568 575 855 )
Any (904 )
Anymore (195 470 474 )
Apart (282 294 )
Apparent (59 436 540 738 )
Apparently (276 )
Appearing (284 )
Appears (88 155 211 412 )
Approach (85 384 )
Approaches (705 )
Approaching (721 )
Are (58 65 66 269 271 305 318 393 395 414 419 430 456 460 478 482 499 500 664 738 775 815 822 823 846 850 892 919 946 )
Area (124 )
Arenâ (828 )
Aright (940 )
Arm (164 169 )
Arms (924 933 )
Around (59 242 249 262 268 297 340 367 403 407 409 448 492 544 577 604 686 689 906 919 )
Arrives (465 790 )
Arrogance (539 )
Arrogantly (675 )
Ascends (938 )
Ascent (242 917 925 )
Ashes (245 271 442 456 460 478 482 995 )
Aside (239 317 498 714 )
Assured (527 )
Astray (422 )
Attempts (342 400 580 )
Attic (286 287 303 317 355 363 930 934 939 989 990 1021 )
Audible (876 )
Avoids (237 )
Awake (675 )
Away (118 150 154 209 241 245 322 346 354 357 399 409 440 453 467 476 577 592 614 637 698 715 736 753 769 773 855 916 947 954 962 967 )
Baby (500 882 887 888 894 898 899 902 904 909 913 914 915 1018 )
Back (58 135 172 177 208 232 233 261 300 306 372 409 462 488 491 516 546 566 617 679 685 711 834 840 880 917 959 )
Backed (725 )
Background (388 )
Backpack (750 )
Backs (154 714 )
Bad (939 945 959 966 1021 )
Bails (400 )
Band (943 )
Banshee (246 )
Bar (792 793 1014 )
Bare (58 )
Barely (164 675 889 )
Barn (404 407 )
Barrel (173 201 209 )
Barricaded (109 )
Base (89 121 934 )
Bash (159 181 231 )
Bathes (358 )
Battered (549 808 )
Bears (875 )
Beat (213 )
Beating (84 85 213 )
Because (784 787 )
Beckoning (372 )
Become (369 672 753 798 )
Becomes (88 837 )
Becoming (136 701 )
Bedroom (56 977 )
Been (218 391 411 427 447 450 464 502 578 614 )
Beer (793 )
Before (110 144 246 291 358 379 440 447 488 559 620 622 678 720 793 817 873 1001 )
Began (903 )
Begin (284 540 )
Begins (65 242 283 366 380 392 701 711 782 883 896 917 925 )
Beheld (397 )
Behind (88 89 92 140 155 161 222 279 287 290 321 331 334 362 377 485 494 506 541 549 714 803 917 946 952 )
Being (90 141 210 )
Beings (718 )
Believe (798 )
Bell (846 )
Belly (127 871 )
Belong (546 )
Belongings (110 )
Below (105 681 696 )
Bends (424 )
Beneath (691 )
Bent (629 )
Beside (322 324 377 392 412 638 742 803 884 )
Best (945 959 966 )
Better (763 798 )
Between (738 )
Beyond (68 124 757 942 946 )
Billions (395 414 430 )
Bird (314 315 325 349 352 )
Birds (333 )
Birdâ (357 )
Birth (397 )
Bit (416 578 )
Bitch (158 180 225 228 )
Biting (790 )
Bitterly (775 )
Black (303 308 361 837 850 959 990 )
Blackness (92 )
Blade (868 869 )
Blades (204 875 )
Blank (263 )
Blanketing (67 )
Blaze (969 )
Bleed (259 275 )
Bleeding (92 158 180 214 228 )
Bleeds (264 )
Bloat (856 )
Blood (215 219 580 675 682 697 872 )
Bloody (102 185 197 724 870 877 906 )
Blows (387 603 )
Blurred (612 )
Blurry (268 )
Boards (404 )
Body (159 181 205 231 234 889 896 )
Bonds (125 )
Both (127 163 226 513 763 )
Bottle (123 155 318 498 571 793 941 942 )
Bottom (673 )
Bounces (148 )
Bound (561 )
Bowl (137 145 )
Bowlâ (140 )
Box (201 438 )
Braces (334 )
Branch (292 298 305 312 451 471 )
Breaks (621 )
Breath (150 807 )
Breathe (831 )
Breathes (379 842 891 )
Breathing (234 876 )
Breeze (387 399 )
Brick (159 181 223 229 231 232 233 )
Bride (727 )
Bridge (384 )
Bridges (503 )
Brief (69 )
Briefly (127 246 350 488 )
Bright (397 446 )
Bringing (888 )
Broken (145 493 549 551 568 575 614 633 648 877 919 )
Brokenness (371 )
Brought (182 468 )
Brunette (126 )
Buffet (91 )
Bulb (121 835 )
Bullet (185 197 879 )
Bump (500 )
Buried (502 )
Burn (241 245 252 256 259 267 271 275 486 507 511 512 520 525 529 533 534 536 724 996 )
Burnt (272 )
But (67 98 141 208 369 370 398 416 618 710 742 744 753 822 834 843 909 923 932 952 )
Butt (409 )
Cab (773 )
Cage (601 )
Cageâ (668 )
Caked (106 )
Caliber (123 )
Call (606 644 825 )
Calling (311 )
Calm (195 764 767 )
Calmly (298 305 341 522 )
Calmness (237 874 )
Calms (208 )
Came (958 )
Camera (88 )
Can (67 205 237 238 254 283 292 333 340 352 419 453 467 816 894 952 )
Cannot (902 915 )
Canâ (218 245 267 330 446 496 834 )
Cap (239 498 )
Car (385 387 608 615 )
Care (904 )
Carelessly (239 317 )
Caresses (869 )
Carolers (943 947 948 949 954 955 962 963 972 )
Cars (419 )
Carved (435 )
Casually (160 )
Caught (713 744 )
Cause (748 778 )
Causes (113 )
Causing (615 )
Caw (362 447 598 606 667 )
Ceased (245 )
Ceases (61 )
Cedar (91 )
Ceiling (122 )
Cellar (116 120 134 235 246 593 662 672 674 729 733 734 800 811 835 863 882 982 983 984 985 1003 1004 1015 1016 1017 1018 )
Certain (539 )
Chained (167 )
Chair (57 60 277 321 324 331 334 342 509 518 566 570 940 )
Chairs (99 )
Chairâ (345 )
Chamber (317 )
Change (416 )
Changed (336 )
Chaos (366 )
Check (334 750 757 )
Cheek (676 )
Cheeks (65 892 )
Chest (91 )
Child (905 )
Chill (603 606 )
Chin (178 691 )
Choice (398 )
Choke (960 966 )
Choking (502 )
Chose (753 )
Cigarette (60 123 236 249 272 283 292 497 513 580 583 812 864 885 900 943 968 970 )
Cigarettes (802 )
Circling (346 )
City (418 994 )
Cityscape (379 388 )
Clang (881 )
Clatters (704 )
Cleansing (376 )
Clear (516 )
Clearer (701 )
Clearly (109 136 276 393 739 869 )
Clears (375 )
Click (732 )
Climb (287 327 )
Clink (204 )
Cloaked (125 )
Close (118 727 807 843 )
Closed (73 109 291 593 )
Closes (287 )
Clouds (85 345 385 446 )
Cloudy (373 382 402 422 480 991 )
Clown (678 )
Coal (361 )
Coalesces (268 359 )
Cobwebs (124 )
Cold (96 211 385 470 474 561 682 697 724 741 790 795 806 843 907 909 )
Collected (211 )
Collection (396 415 431 )
Collective (85 )
Collects (380 )
Come (396 415 428 431 438 456 460 478 482 549 561 586 614 617 810 827 )
Comes (540 618 654 660 661 922 932 )
Comfort (457 461 479 483 )
Coming (308 569 883 927 )
Commences (242 )
Compact (608 )
Complaint (875 )
Complete (815 )
Completes (287 )
Composed (623 )
Concoction (164 )
Concrete (121 169 704 877 907 )
Condemned (235 985 )
Condemns (261 )
Confused (370 715 )
Confusion (113 304 354 705 )
Consume (970 )
Consumed (298 342 )
Consuming (79 )
Contact (742 )
Contemplation (263 )
Contemplative (366 )
Continue (99 973 )
Continues (114 254 388 694 721 )
Control (595 896 )
Conversing (423 )
Cord (685 )
Corner (106 )
Corpse (78 369 )
Cost (652 903 )
Couch (735 736 738 742 747 775 777 781 801 803 812 864 )
Could (370 756 )
Couldnâ (764 )
Country (403 )
Couple (500 739 )
Course (760 1007 )
Covered (65 122 291 309 436 580 608 735 942 )
Covering (359 )
Cow (405 407 409 )
Crack (265 855 )
Cracks (284 297 )
Crashing (923 932 )
Creak (372 788 )
Creeping (297 711 )
Cries (361 618 936 953 )
Crooked (370 598 667 )
Crossing (246 502 )
Crouch (321 )
Crouching (714 )
Crow (67 140 292 295 298 302 305 312 318 319 322 328 334 337 341 358 362 363 370 443 444 447 448 451 454 471 475 498 541 598 599 662 667 864 )
Crowding (264 )
Crowds (262 )
Crown (147 )
Crows (309 346 350 366 )
Cruise (419 )
Cruises (385 )
Crumbles (877 )
Crumbling (78 584 )
Crumpled (802 )
Crushing (539 812 )
Cry (352 720 777 887 894 898 899 913 915 )
Crying (216 769 )
Cupboard (498 )
Cure (565 )
Curling (803 )
Cursed (355 )
Cushion (802 865 )
Cut (191 203 )
Cuts (876 )
Damn (315 446 )
Dampness (494 )
Dancing (763 )
Dark (89 850 869 898 913 )
Darker (328 835 )
Darkest (457 461 479 483 682 697 )
Darkness (107 161 177 268 443 488 660 711 815 843 856 860 )
Darts (742 )
Day (373 382 391 397 402 411 422 426 442 470 483 551 575 749 939 945 959 966 991 995 1006 1021 )
Day's (920 945 959 )
Days (65 271 457 461 479 741 763 806 )
Daze (374 )
Dead (68 916 )
Dear (888 904 )
Dearest (652 )
Death (807 827 889 )
Decaying (439 )
December (733 741 795 806 1004 )
Deceptive (305 )
Decorated (90 622 )
Deeds (271 )
Deep (113 128 136 353 472 497 705 745 )
Deeply (871 )
Defenses (584 )
Defile (267 )
Deftly (342 )
Demon (88 89 92 95 101 112 117 127 130 155 157 161 177 179 182 208 222 224 226 227 230 233 264 268 277 280 288 359 363 365 366 368 392 394 399 412 413 428 429 432 433 435 437 440 443 493 509 510 514 522 524 531 532 539 541 542 545 547 548 559 560 563 564 567 569 570 583 585 588 591 594 596 597 599 600 606 612 621 622 624 628 632 636 638 639 643 647 651 654 655 657 659 662 663 666 670 672 673 675 677 679 680 684 688 691 692 694 695 698 699 701 702 704 714 716 718 719 721 723 725 726 817 818 820 824 830 832 838 847 852 859 865 866 868 873 876 877 878 )
Demonâ (204 400 536 722 840 880 )
Departure (749 761 765 768 1006 1008 )
Descend (672 )
Despair (468 472 )
Desperate (236 569 644 )
Despite (648 )
Destination (790 )
Destroyed (367 )
Detector (754 )
Determination (536 )
Determined (484 )
Did (764 )
Didnâ (910 )
Die (282 294 365 467 470 474 689 )
Died (899 914 )
Dieâ (720 )
Digging (502 )
Digress (834 )
Dilapidation (404 )
Dim (121 835 )
Dining (97 250 253 980 987 )
Dinner (417 )
Dire (243 )
Direction (341 )
Directly (412 840 )
Dirt (502 )
Dirty (126 )
Disappear (302 366 )
Disappeared (759 )
Disappears (362 570 )
Disarrayed (920 )
Discarded (109 )
Disdain (492 )
Dishes (105 )
Disheveled (779 )
Disillusion (113 )
Dismissive (900 )
Dissipates (233 )
Distance (405 420 475 )
Distant (263 408 972 )
Distressed (739 )
Disturbing (874 )
Ditch (159 181 231 )
Dodge (141 )
Does (903 904 )
Doesnâ (554 576 705 )
Dog (419 424 426 )
Domiciles (68 )
Dominating (559 )
Don't (923 )
Done (578 )
Donâ (391 411 427 447 470 474 589 607 660 689 707 710 747 777 795 798 855 887 )
Door (69 73 106 108 109 110 114 265 277 279 280 287 290 291 355 359 372 376 377 488 540 541 587 590 593 603 662 665 669 788 )
Doorknob (487 788 )
Doors (769 843 )
Doorway (108 )
Doped (210 )
Down (82 92 208 232 276 308 333 365 374 382 402 424 458 499 536 568 658 672 678 681 686 689 696 734 801 864 870 888 892 911 923 932 960 961 966 )
Downtown (418 994 )
Drag (236 497 581 )
Drags (204 684 691 )
Dramatically (154 )
Drank (256 275 )
Drapes (493 )
Draws (237 )
Dream (827 )
Dreamer (369 )
Dreamers (78 )
Dreamâ (633 )
Drinking (509 )
Dripping (215 )
Driver (609 )
Drives (773 )
Driveway (608 )
Drool (216 )
Drooling (210 219 )
Drop (220 )
Dropping (812 )
Drops (148 704 968 )
Drug (113 )
Drugs (164 169 829 )
Drum (85 )
Drums (540 )
Drunk (538 )
Drunkenness (569 )
Ducks (322 )
Dumb (86 899 914 )
Dump (159 181 231 )
Duo (93 99 )
During (317 )
Dust (285 456 460 478 482 )
Each (195 282 294 513 )
Ear (155 177 693 )
Early (59 608 )
Easier (747 )
Easy (781 )
Eat (661 682 697 )
Edgar (318 )
Edge (268 )
Edges (124 )
Eerily (122 )
Either (756 )
Else (517 )
Emanates (90 )
Emerging (205 )
Emits (204 )
Emptied (254 )
Emptiness (562 )
Empty (856 )
End (273 617 619 899 914 )
Ending (561 953 )
Endless (84 )
Ends (108 )
Engulf (363 )
Enough (828 )
Enunciating (273 )
Escape (355 595 660 )
Etc (92 )
Evading (342 )
Even (391 411 427 430 715 875 907 )
Events (920 )
Ever (219 395 414 430 741 798 877 )
Every (220 438 869 924 933 945 )
Everything (261 282 294 300 816 )
Everywhere (263 )
Evident (304 745 )
Evil (819 825 831 839 848 853 )
Evincing (99 880 )
Exceptional (59 )
Exhale (581 )
Exhales (64 )
Exhausted (572 )
Exist (237 )
Exit (769 )
Expended (475 )
Explain (295 )
Exploring (422 )
Expression (375 )
Ext (378 389 418 442 486 602 620 772 789 971 992 993 994 995 996 1000 1001 1010 1013 1022 )
Eye (713 744 )
Eyes (66 118 147 148 172 218 311 361 397 441 618 689 727 751 873 891 892 922 929 937 953 )
Face (92 127 149 177 205 215 288 522 531 612 687 721 763 840 880 )
Faces (718 940 )
Facing (476 )
Fade (55 453 577 974 1023 )
Faded (238 )
Fades (182 399 637 704 )
Fading (388 475 701 911 947 954 962 967 )
Fail (507 511 520 525 529 )
Failure (276 )
Fall (282 294 558 576 586 )
Fallen (147 535 )
Falling (67 292 603 625 )
Falls (60 142 168 364 475 573 606 880 )
Familiar (388 )
Fan (163 )
Far (105 592 664 850 946 )
Farewell (185 197 )
Farmland (389 993 )
Fate (880 )
Fear (136 150 325 353 371 507 511 520 525 529 533 607 837 )
Fears (764 767 )
Feast (438 )
Feathers (303 308 990 )
Features (234 236 263 304 444 492 701 705 711 )
Featurless (89 )
Fed (562 )
Feed (681 696 )
Feel (261 297 311 353 361 696 724 837 )
Feeling (147 169 538 )
Feels (304 )
Feet (122 375 654 686 708 )
Few (65 105 122 249 269 580 )
Field (84 )
Fields (399 )
Fighting (66 )
Figure (125 )
Filled (399 581 )
Final (372 399 891 )
Finally (810 895 )
Find (340 491 496 549 565 656 664 )
Finds (621 )
Finger (691 )
Finishing (583 )
Fire (188 200 276 345 364 681 697 972 )
Fires (879 )
First (81 97 104 248 253 257 373 374 489 537 582 653 737 905 918 979 980 981 986 987 988 991 997 998 999 1002 1005 1019 )
Flame (361 968 )
Flames (77 298 302 342 362 364 365 506 969 970 )
Flanked (68 )
Flap (346 )
Flaps (312 341 )
Flares (972 )
Flee (656 843 )
Flees (535 )
Flesh (376 )
Flicks (272 409 )
Flies (349 352 387 475 570 )
Flits (599 )
Float (308 345 855 )
Floods (236 )
Floor (56 61 72 81 97 99 104 107 121 148 170 201 210 216 233 238 248 253 257 272 373 374 489 504 537 573 582 653 654 704 737 877 881 918 919 925 926 941 969 977 978 979 980 981 986 987 988 991 997 998 999 1002 1005 1019 1020 )
Flowers (436 )
Flowing (872 )
Fluid (334 )
Fluids (906 )
Fly (541 972 )
Flying (347 350 448 504 )
Fog (96 806 )
Folks (423 )
Follow (568 )
Followed (370 )
Follows (672 )
Food (106 )
For (84 118 136 149 153 172 176 221 238 243 252 271 275 308 311 379 403 416 417 428 539 580 618 644 742 747 822 829 846 884 904 930 )
Forehead (725 )
Forget (601 667 945 )
Forgive (844 857 861 )
Forgotten (105 )
Form (66 )
Former (98 )
Forming (210 )
Forms (84 )
Forth (58 114 363 372 380 393 617 972 )
Forward (446 516 718 )
Found (546 554 576 958 )
Frame (337 )
Framed (57 105 )
Frames (269 )
Freaking (219 )
Free (208 656 )
Fresh (379 397 )
From (69 90 92 122 135 137 141 145 150 154 155 173 205 210 215 233 246 249 272 302 312 322 324 331 334 341 342 346 354 376 377 404 409 440 454 456 460 476 478 482 498 509 535 570 584 590 592 606 675 693 734 736 802 812 822 832 895 916 943 972 )
Front (81 90 257 265 277 375 376 492 537 540 587 654 782 785 948 979 988 998 1012 )
Frost (615 )
Frostbite (561 )
Frosted (609 )
Frozen (476 868 )
Frustration (571 )
Fuck (218 )
Fucking (140 159 181 207 231 )
Fueled (569 )
Full (690 750 )
Fully (358 704 )
Fumbles (580 )
Furniture (60 91 492 )
Further (254 384 870 )
Futile (220 )
Future (446 )
Gained (584 )
Gas (108 238 249 272 276 283 292 )
Gasoline (242 256 275 284 494 522 968 )
Gate (761 765 )
Gatherings (98 )
Gave (172 763 )
Gaze (85 )
Gazes (492 )
General (341 )
Gently (58 279 290 372 657 708 878 )
Gesticulating (154 )
Gesture (900 )
Get (656 894 945 )
Getting (531 )
Ghost (369 577 947 961 967 )
Ghosts (245 )
Gift (905 )
Girl (226 )
Give (147 633 720 875 )
Gives (900 )
Glances (318 380 403 593 )
Glaring (513 )
Glass (801 813 820 864 )
Glistening (210 )
Goal (79 595 )
God (84 261 )
Goddamn (842 )
Goes (183 916 )
Going (447 450 464 )
Gone (280 422 443 454 472 538 554 575 673 844 850 857 861 )
Gonna (219 )
Good (538 581 798 )
Got (191 960 966 )
Gown (870 )
Grab (416 )
Grabs (135 941 )
Gradually (287 672 )
Grasp (946 )
Grass (385 387 )
Grave (435 440 444 502 850 )
Graves (448 454 )
Graveside (727 )
Gravestone (435 443 )
Graveyard (432 442 995 )
Gray (59 )
Greasy (107 )
Great (91 )
Greatest (846 )
Greet (140 )
Grey (21 )
Grin (333 339 )
Grinning (288 )
Grins (327 )
Grip (590 )
Gripping (718 )
Ground (142 475 476 )
Grow (77 682 697 )
Growing (909 )
Grows (328 358 835 876 )
Growth (65 )
Guess (422 )
Guides (280 )
Guiding (506 )
Guitar (540 )
Gun (148 154 160 173 178 186 189 192 198 201 204 589 603 654 658 673 698 704 714 718 721 734 828 879 884 )
Had (398 516 806 )
Hai (627 631 635 642 646 650 )
Hair (126 )
Half (125 500 812 )
Hall (611 749 768 1006 1008 )
Halls (842 )
Hallucination (333 )
Hallway (72 73 978 )
Hand (167 365 424 426 487 563 587 590 593 604 654 657 742 788 822 865 874 900 )
Hands (57 236 327 518 571 580 615 885 )
Hanging (107 125 164 234 249 686 689 )
Hangs (121 603 )
Happen (873 )
Happened (398 )
Happy (952 )
Hard (704 877 883 )
Harm (924 933 )
Harmlessly (148 )
Harshly (169 497 )
Has (277 370 561 583 )
Hate (144 )
Hateful (570 )
Haunt (264 )
Haunted (66 )
Haunts (245 )
Have (245 395 396 398 414 415 431 648 748 778 827 844 857 860 861 958 )
Hay (400 402 )
Head (58 67 125 149 173 178 209 229 232 331 349 350 352 409 675 679 729 )
Headache (58 )
Heading (462 )
Heads (587 685 )
Headstone (465 476 484 )
Healthy (498 )
Heap (877 )
Hear (85 606 618 855 899 903 914 936 952 953 )
Heard (420 )
Hearing (384 )
Heart (777 )
Heartbeat (102 )
Hearts (84 )
Heat (96 615 )
Heavily (64 538 761 )
Heed (92 )
Hell (131 132 188 200 261 300 301 470 474 496 512 526 534 565 823 917 )
Help (822 )
Helpless (194 868 )
Helps (654 )
Hem (870 )
Her (126 127 136 142 149 150 164 165 169 178 182 198 215 216 229 232 675 676 679 686 687 691 694 705 708 742 751 869 870 871 873 876 878 889 891 )
Here (371 382 491 496 546 678 747 777 781 850 887 888 898 902 905 915 961 )
Hesitantly (74 )
Hesitation (69 487 879 )
Hey (140 589 )
Heâ (58 208 465 476 513 581 584 687 )
Hidden (500 )
Hide (606 )
Hideâ (546 )
Hiding (322 582 999 )
High (147 172 )
Highway (382 389 993 )
Him (89 161 222 238 243 264 268 287 306 321 324 336 362 364 372 412 485 488 494 509 541 607 638 654 793 802 803 865 884 917 970 )
Himself (334 354 377 380 392 409 499 539 573 596 621 )
His (57 61 65 66 69 74 84 135 137 148 150 195 209 232 236 237 242 249 254 263 272 283 287 304 305 309 331 343 364 365 372 375 376 377 380 388 399 409 424 426 441 468 471 476 487 492 518 522 536 559 563 570 571 587 590 604 608 615 654 657 691 705 729 761 765 771 790 802 813 820 865 873 880 892 896 900 917 970 )
Hisses (273 )
Hit (140 232 )
Hits (163 )
Hold (565 )
Holding (178 292 487 673 729 801 874 884 )
Holds (813 876 )
Hole (724 )
Hollow (732 )
Holsters (160 222 )
Home (73 140 409 485 586 )
Homeâ (543 )
Honking (419 )
Hope (855 )
Hopeful (264 )
Hoping (578 )
Horns (419 )
Horror (234 354 872 )
Hostage (125 136 141 154 160 169 182 209 215 222 234 237 500 675 676 679 685 686 694 705 738 739 745 750 769 775 779 808 832 868 874 889 916 )
Hostageâ (173 177 435 462 465 476 691 875 )
House (56 72 81 97 104 109 116 120 134 235 248 253 257 286 303 373 376 378 379 486 489 537 572 582 602 653 674 733 737 774 785 800 811 863 882 918 926 939 943 948 969 971 977 978 979 980 981 982 983 984 985 986 987 988 989 990 991 992 996 997 998 999 1000 1002 1003 1004 1005 1011 1012 1015 1016 1017 1018 1019 1020 1021 1022 )
Houseâ (523 )
Hovers (268 )
How (163 713 )
Huddled (57 )
Huddling (790 )
Hundreds (622 )
Hurries (376 )
Hurt (468 )
I'll (894 )
I'm (967 )
I've (846 )
Ice (148 855 )
Ideas (392 )
Idly (106 405 )
Ignoring (484 )
Images (269 )
Immediately (108 121 )
Importance (243 )
Index (691 975 )
Infant (874 878 879 883 900 906 911 916 )
Inferno (363 )
Infesting (404 )
Infusion (113 )
Injecting (164 )
Inky (269 )
Inner (584 )
Innocent (79 )
Insanity (331 )
Inside (213 282 294 339 353 488 815 873 )
Instant (408 )
Instruments (684 )
Int (56 72 81 97 104 116 120 134 235 248 253 257 286 303 373 489 537 582 653 674 733 737 749 760 768 770 774 785 792 800 811 863 882 918 926 939 977 978 979 980 981 982 983 984 985 986 987 988 989 990 991 997 998 999 1002 1003 1004 1005 1006 1007 1008 1009 1011 1012 1014 1015 1016 1017 1018 1019 1020 1021 )
Intent (242 354 869 )
Into (73 77 108 135 155 161 164 182 204 208 237 247 263 287 359 384 405 435 468 475 497 531 566 672 704 742 891 )
Intrusions (875 )
Inviting (372 )
Inâ (118 )
Irish (791 792 1014 )
Iron (674 681 696 717 724 727 731 1003 )
Ironâ (724 )
Isnâ (423 910 )
It's (894 899 909 914 922 932 952 )
Itch (209 )
Its (92 106 173 273 287 311 312 342 349 352 358 375 561 629 872 883 906 )
Itself (312 )
Itâ (311 314 315 382 391 402 411 422 427 565 598 606 614 619 656 667 806 807 827 850 894 )
Jacket (790 )
Joint (385 409 )
Joke (423 )
Joy (113 )
Joyous (98 )
Jumps (334 )
Junk (109 )
Just (105 122 144 218 252 275 312 315 382 402 407 408 422 423 432 446 447 508 512 521 526 530 533 534 561 565 664 799 898 899 905 913 914 946 961 967 )
Keep (834 )
Kind (263 352 396 415 431 )
Kitchen (104 108 247 248 249 497 499 535 981 986 )
Kneels (440 )
Knees (364 476 629 )
Knife (123 865 881 )
Knob (70 488 587 669 )
Knocking (340 518 540 )
Know (261 391 395 411 414 427 430 447 503 601 633 668 707 747 777 846 899 909 914 )
Knowâ (799 )
Landing (926 930 1020 )
Lap (742 )
Large (328 620 1001 )
Last (343 438 720 )
Latches (280 291 )
Late (57 126 )
Latticed (291 940 )
Laugh (834 )
Laughter (867 )
Law (829 )
Leading (69 108 109 930 )
Leads (279 )
Leaning (155 458 )
Least (578 894 )
Leave (140 185 197 370 952 )
Leaves (164 374 377 )
Leaving (363 364 399 872 900 917 )
Led (290 370 491 )
Left (77 108 191 203 369 470 474 554 575 577 813 827 844 850 856 857 861 )
Leftmost (110 )
Legs (99 )
Less (77 876 )
Let (144 219 275 486 507 511 520 525 529 533 996 )
Lets (572 581 )
Lies (147 172 906 )
Life (220 245 342 403 408 423 549 562 601 618 689 827 844 857 860 883 903 904 910 953 )
Life's (905 )
Lifeâ (416 )
Lifts (362 686 773 )
Light (127 264 276 506 508 521 530 581 837 885 )
Lightest (742 )
Lighting (385 835 )
Lightly (372 896 )
Lights (137 236 283 292 417 443 451 497 513 803 942 968 969 )
Like (102 219 396 415 426 431 549 827 828 850 898 913 922 932 958 )
Likewise (90 )
Limply (125 234 249 )
Line (108 407 617 750 )
Linen (735 )
Lips (272 )
Listen (387 607 )
Little (98 578 948 )
Lived (844 857 860 )
Lives (611 633 )
Living (90 552 774 918 1011 1019 )
Location (972 )
Locked (961 )
Lonesome (407 )
Long (106 236 502 516 598 667 909 )
Longer (237 798 846 907 )
Look (60 324 327 333 408 618 648 745 834 902 923 932 )
Looked (577 )
Looking (237 291 306 315 322 382 407 446 687 747 891 916 )
Looks (263 327 352 409 480 484 596 604 608 684 739 750 779 808 813 820 868 911 968 )
Lord (846 )
Loses (536 )
Losing (67 )
Lost (304 370 537 561 565 648 798 855 903 998 )
Love (245 271 507 511 520 525 529 533 682 697 )
Lovely (126 )
Low (147 172 )
Lowers (708 )
Lunge (570 )
Lungs (237 883 )
Made (131 294 )
Madness (209 261 297 )
Maintenance (60 )
Make (118 438 829 903 923 932 )
Makes (74 213 282 815 )
Makeshift (125 )
Makeup (675 678 )
Man (57 61 63 65 73 76 82 83 88 89 92 110 114 127 130 135 137 139 141 143 145 146 148 151 154 155 157 160 162 164 166 170 171 173 174 179 182 184 187 190 193 196 199 202 206 208 212 217 222 224 226 227 229 230 232 233 236 240 242 244 246 249 251 254 255 258 260 263 266 270 274 276 278 281 283 289 291 293 296 298 299 304 307 310 313 317 320 322 323 325 326 329 331 332 334 335 338 340 342 344 348 350 351 354 356 360 362 364 372 374 381 384 386 390 392 393 400 401 403 406 409 410 412 421 424 425 428 432 440 445 449 451 452 454 455 458 459 462 463 466 468 469 471 473 475 477 481 484 490 495 497 501 504 505 513 515 518 519 527 528 535 538 541 544 550 551 552 553 556 557 559 563 566 569 571 574 575 577 580 583 587 590 593 603 605 608 610 613 615 616 623 638 639 643 647 651 654 657 665 669 672 673 701 702 704 706 708 709 712 714 718 721 725 729 730 734 738 739 740 743 746 750 752 754 755 757 758 761 762 765 766 771 775 776 779 780 782 783 786 788 790 793 794 797 801 805 809 812 814 817 820 821 826 832 833 836 840 841 849 854 859 864 868 872 878 879 883 886 890 893 897 900 901 904 907 908 911 912 916 919 921 924 927 928 931 933 934 935 938 940 944 951 957 965 968 )
Man's (896 )
Manipulate (393 )
Manner (160 )
Many (504 )
Manâ (155 177 210 234 365 443 487 531 584 612 621 657 711 721 725 745 892 )
March (93 99 254 380 )
Marching (943 )
Marijuana (141 )
Mark (872 )
Marker (435 462 )
Markers (444 )
Marks (59 )
Mask (946 )
Matches (123 189 201 )
Materializes (222 )
Mean (456 460 478 482 681 696 895 910 )
Meant (393 )
Meat (213 )
Medium (238 )
Melancholic (493 )
Melancholy (569 )
Melt (736 )
Melts (161 )
Memory (98 807 )
Memoryâ (945 )
Menacingly (189 )
Mercy (85 681 696 )
Mere (78 )
Merely (269 )
Merry (943 )
Met (623 707 )
Metal (238 754 )
Metallic (204 881 )
Metropolis (422 )
Microphones (622 )
Might (671 898 913 )
Milling (419 )
Mind (137 144 330 376 607 952 )
Mindlessly (114 )
Mine (683 697 744 )
Minor (277 )
Mirror (92 493 )
Mirrors (828 )
Misery (136 905 )
Missing (404 )
Mixture (127 )
Mma (213 )
Mob (622 626 630 634 641 645 649 )
Moderately (66 )
Moment (149 379 484 487 884 )
Moon'll (936 )
Moonâ (922 929 936 )
More (77 309 364 408 412 422 554 568 576 577 592 673 681 696 715 756 779 )
Morning (56 977 )
Most (456 460 478 482 633 855 894 )
Motes (284 )
Mother (898 913 )
Mother's (891 910 )
Motherâ (887 )
Mouth (215 249 683 694 700 )
Move (315 )
Movement (61 334 )
Moves (277 497 590 734 868 )
Much (136 149 549 648 681 696 )
Muddled (608 )
Muffle (194 207 )
Muffled (694 )
Murder (158 180 225 )
Muscular (66 )
Must (333 457 461 479 644 660 909 )
Myself (491 828 )
Name (435 791 )
Nature (98 )
Near (65 277 426 )
Nearby (277 405 448 451 471 )
Nearly (86 208 358 )
Neck (571 )
Neckline (869 )
Need (172 252 275 376 470 474 )
Needed (855 )
Needle (145 160 164 168 169 )
Net (660 )
Never (370 470 474 491 533 561 664 707 806 846 953 958 )
New (195 219 279 290 435 )
Next (57 238 436 458 621 802 864 878 919 )
Night (620 789 898 913 918 958 1001 1013 1019 )
Nightmare (496 )
Noise (182 )
Not (153 176 195 221 314 435 660 664 902 904 915 )
Nothing (416 554 575 577 756 764 850 959 )
Nothingness (77 )
Notices (941 )
Now (89 136 152 175 208 215 220 261 300 301 330 337 339 345 354 369 399 407 416 443 451 465 470 472 474 484 502 509 513 516 527 531 538 539 541 583 589 617 637 638 718 725 734 753 798 810 887 899 914 952 )
Nowhere (279 290 342 503 517 611 617 779 )
Nowâ (827 )
Oak (57 )
Object (343 )
Objects (340 )
Occasionally (318 )
Ode (811 843 856 860 1016 )
Off (91 122 223 362 384 400 405 448 454 475 485 498 541 732 773 )
Offer (426 )
Offered (565 )
Offering (424 563 )
Ohâ (450 456 )
Old (91 318 400 403 432 436 498 735 747 777 781 864 )
Older (416 )
Olâ (140 )
Omnipresent (264 )
Once (86 126 152 175 220 284 422 568 808 )
One (107 124 334 350 395 407 414 430 474 586 625 673 720 802 874 898 899 914 )
Ones (271 )
Oneâ (625 )
Only (358 541 558 576 673 732 880 946 )
Onto (201 272 366 )
Open (107 265 372 620 668 669 788 948 1001 )
Opens (73 114 488 541 942 )
Opposite (109 )
Other (73 107 403 513 )
Our (78 633 )
Ours (798 )
Out (109 148 154 169 177 191 203 219 272 273 288 291 304 309 321 325 334 358 397 470 496 535 563 569 572 581 596 599 603 644 747 777 781 820 873 941 969 974 1023 )
Outlines (127 )
Outside (67 305 311 312 315 345 432 943 )
Over (57 204 318 343 443 474 518 684 711 808 865 )
Overcome (354 539 )
Overcomes (150 )
Overwhelming (128 )
Own (209 219 287 305 502 657 729 834 )
Pacing (65 209 317 367 454 )
Pack (781 802 803 )
Packs (123 )
Page (948 )
Paid (652 )
Pain (118 150 188 200 263 371 568 618 745 842 844 856 860 922 929 936 937 960 )
Pained (276 346 )
Painful (945 )
Pamphlets (948 )
Panic (210 233 322 325 340 )
Panicked (689 )
Pants (135 )
Paper (416 )
Part (272 337 846 )
Passage (872 )
Passes (210 384 880 )
Passing (754 )
Past (124 167 347 350 371 385 387 419 446 549 595 736 952 )
Path (271 370 598 617 667 834 )
Pathetic (168 )
Pauses (110 385 587 934 )
Peace (366 )
Peacefully (889 )
Pedestrian (428 )
Peeling (91 )
Peer (321 )
Peers (325 )
People (419 622 )
Perch (341 )
Perched (337 )
Photos (504 535 )
Pick (714 )
Picks (160 223 )
Picture (269 )
Pictures (499 )
Piece (439 682 697 )
Pile (504 )
Piles (109 )
Pipe (141 )
Pistol (123 135 170 209 215 223 377 587 590 593 657 679 684 694 725 729 864 884 )
Place (453 467 559 582 744 999 )
Placed (59 268 )
Places (615 694 878 )
Plain (57 )
Planks (375 )
Planting (312 )
Plants (374 )
Plaster (59 )
Play (899 914 )
Plead (84 )
Pleading (158 180 228 )
Please (844 857 861 904 )
Pocket (137 802 )
Podium (622 )
Poem (314 )
Poeâ (318 )
Point (280 424 757 )
Pointing (879 )
Points (145 189 192 198 435 662 )
Poisons (507 511 520 525 529 533 )
Pondering (392 )
Pooling (219 )
Poor (60 891 894 )
Portal (358 )
Portals (74 )
Portion (538 )
Position (173 )
Pot (137 )
Pound (159 181 231 )
Pounding (607 )
Pouring (284 )
Pours (555 576 )
Powerâ (678 )
Pray (629 )
Prayed (172 )
Presence (583 )
Present (808 )
Presses (149 725 )
Proceeds (572 874 )
Process (347 )
Promises (763 )
Proof (107 )
Proofs (920 )
Proper (948 )
Propping (573 )
Proves (428 )
Proving (305 )
Psychopath (710 )
Pub (791 )
Puddle (210 216 )
Puff (968 )
Pulley (685 )
Pulling (563 732 )
Pulls (272 488 669 685 698 788 873 )
Pulsing (102 )
Purpose (69 )
Pushes (658 679 )
Puts (393 )
Quake (678 )
Question (840 )
Questions (903 )
Quite (160 )
Quiver (678 )
Quivers (889 )
Rage (128 144 211 343 346 371 468 472 475 569 )
Raggedly (234 )
Rain (555 576 )
Raise (923 933 )
Raises (125 173 229 657 721 )
Random (458 )
Rape (158 180 225 )
Rapist (959 )
Razor (123 192 204 )
Razors (191 203 )
Reach (673 822 )
Reached (946 )
Reaches (563 742 765 873 930 )
Ready (229 )
Reality (621 )
Realization (304 )
Really (395 414 795 )
Reappearance (444 )
Reappears (471 )
Rebellion (570 )
Rebellious (745 )
Reciprocates (745 )
Recognition (232 )
Recognize (705 )
Red (219 238 403 407 690 892 )
Redirects (233 )
Reflection (484 609 612 )
Refrigerator (106 )
Regal (583 )
Rejoice (398 )
Releases (878 )
Relief (236 581 )
Reluctantly (82 )
Remain (434 )
Remaining (404 487 )
Remains (440 )
Remember (741 795 806 )
Remembered (263 )
Remnants (106 )
Removes (137 802 )
Removing (376 )
Replaced (472 736 )
Response (863 1017 )
Rest (660 )
Resting (742 )
Rests (487 )
Retains (98 )
Retakes (375 )
Retreat (615 )
Retreats (161 684 721 )
Return (457 461 479 483 )
Returns (714 )
Reveal (126 735 )
Reverie (820 )
Rhythm (102 )
Right (177 306 604 744 829 887 910 )
Rip (572 )
Rips (246 )
Rise (357 521 529 922 929 936 937 )
Rises (96 328 )
Rising (195 364 )
Road (402 447 491 568 598 667 )
Roar (880 969 )
Rocking (58 )
Roll (172 )
Rolls (675 )
Room (58 59 69 81 90 93 97 98 105 250 253 257 269 328 367 375 492 537 547 552 654 774 782 785 918 979 980 987 988 998 1011 1012 1019 )
Rope (123 194 207 876 )
Rot (404 )
Rotting (400 )
Roulette (828 )
Round (400 940 )
Rubbing (209 )
Rule (124 470 474 )
Run (589 611 822 845 )
Runs (424 426 )
Rush (232 )
Rushes (603 )
Sad (810 923 932 )
Sadder (779 )
Sadness (102 128 539 )
Sallow (126 )
Same (60 156 446 )
Sanity (375 487 )
Sarcasm (745 )
Satisfaction (277 )
Save (644 671 850 )
Say (756 952 )
Says (339 )
Scattered (499 )
Scattering (201 )
Scene (167 736 975 )
Scratches (99 )
Scream (213 245 345 883 )
Screaming (158 180 222 228 330 341 )
Screams (155 177 906 953 972 )
Screen (315 )
Sea (219 444 )
Search (554 575 652 )
Seasonal (396 415 431 )
Seat (277 375 556 771 941 )
Second (56 72 701 925 926 977 978 1020 )
Section (107 )
Security (750 757 )
Seductively (870 )
See (77 78 147 152 167 175 220 221 311 349 357 407 446 470 541 546 618 678 703 707 713 728 753 763 808 810 816 819 843 848 888 895 905 922 923 929 933 937 953 958 )
Seem (558 576 945 )
Seems (66 92 167 516 637 )
Seen (67 163 205 579 779 )
Seeping (261 )
Sees (264 403 587 )
Send (526 )
Sending (284 504 )
Senses (182 232 305 372 )
Sent (959 )
Set (416 527 )
Sets (237 276 365 448 454 606 657 732 734 801 884 922 929 936 940 )
Setting (377 )
Settles (366 443 889 )
Shackles (561 )
Shade (89 121 220 )
Shades (763 )
Shadow (90 125 328 357 358 359 )
Shadows (84 161 182 205 208 327 )
Shake (331 400 896 )
Shaking (198 236 327 580 679 885 )
Shall (483 )
Shame (78 )
Shape (328 )
Shards (493 )
Shared (741 )
Sharp (871 )
Shatters (142 169 )
She (127 141 150 216 237 769 875 876 891 903 904 )
Shed (756 )
Sheet (735 )
Sheâ (686 708 )
Shifts (127 )
Shines (494 )
Shit (147 163 172 245 578 )
Shock (705 )
Shocked (820 )
Shoots (796 813 )
Short (73 )
Shot (793 960 966 )
Should (271 507 511 520 525 529 533 )
Shoulder (365 )
Shout (194 207 )
Show (453 467 601 )
Shown (167 846 )
Shrinks (566 )
Shut (279 290 683 700 )
Shutting (288 )
Sick (364 )
Sickness (241 )
Side (105 609 871 887 )
Sides (404 )
Sigh (891 )
Sight (454 717 728 )
Sights (674 681 696 724 727 728 731 1003 )
Signs (403 )
Silent (906 )
Silently (875 )
Sill (312 314 )
Simply (843 872 )
Sin (844 856 860 )
Sing (860 947 954 962 )
Singing (950 956 964 973 )
Single (121 405 835 )
Sink (105 )
Sip (801 )
Sit (738 )
Sits (57 106 298 305 327 331 339 358 436 458 499 509 522 608 662 735 793 801 803 864 969 )
Sitting (67 315 513 559 736 747 775 777 781 )
Sized (238 )
Skin (165 611 )
Skull (159 181 231 )
Sky (345 380 382 480 )
Slack (173 )
Slamming (377 518 )
Slams (201 )
Slave (851 )
Sleep (660 903 )
Sliced (693 )
Slicing (871 )
Slides (204 871 )
Sliding (99 869 892 )
Slightly (107 123 265 535 )
Slinks (177 )
Slipping (535 )
Slips (169 331 )
Slow (141 226 )
Slowly (205 287 718 892 919 947 954 962 967 )
Small (204 317 384 791 )
Smears (269 )
Smile (277 522 )
Smoke (237 273 803 900 )
Smoked (812 )
Smoking (292 509 538 )
Snow (67 291 292 309 385 396 415 431 436 603 606 608 942 953 )
Snowfall (96 )
Soaked (272 523 968 )
Sob (694 )
Sobbing (679 896 )
Sofa (322 )
Soft (802 )
Solemnly (804 )
Solid (122 142 375 877 )
Some (59 395 396 414 415 430 431 436 592 )
Someday (895 )
Something (66 554 576 827 )
Somethingâ (336 )
Somewhat (182 563 )
Somewhere (491 )
Son (899 915 )
Sore (376 )
Sorry (539 909 923 932 )
Sought (958 )
Soul (79 144 370 537 561 565 671 682 697 842 856 998 )
Sound (311 438 880 923 932 958 )
Space (124 )
Sparsely (59 )
Sparsley (90 )
Speak (828 )
Speaking (149 392 465 )
Speaks (173 609 638 )
Spiderâ (660 )
Spins (686 )
Spite (784 787 )
Splashes (249 )
Spreads (249 )
Spur (362 )
Square (57 105 620 1001 )
Stab (874 )
Stage (620 621 1001 )
Stains (91 98 )
Stairs (74 82 121 242 246 283 374 916 919 927 930 )
Stairwell (89 116 374 934 982 )
Stalks (271 842 )
Stand (507 512 526 534 558 577 )
Standing (379 405 440 559 621 638 )
Stands (65 283 366 462 484 518 531 541 583 622 673 750 782 812 817 879 911 )
Stares (350 599 872 884 941 969 )
Staring (304 314 316 362 405 407 476 803 953 )
Start (327 346 352 )
Starts (154 232 284 317 340 454 540 665 930 )
State (404 )
Stay (118 753 902 915 )
Stayed (909 )
Staying (453 467 )
Stays (448 )
Steel (871 )
Stench (149 )
Step (282 294 869 )
Steps (73 226 283 363 384 488 714 )
Sticks (164 )
Still (178 256 275 292 494 513 522 538 551 575 654 763 775 784 884 889 )
Stitching (870 )
Stomach (871 )
Stone (458 465 )
Stop (218 387 660 829 948 )
Stops (69 214 246 291 432 )
Story (314 )
Stove (107 )
Straight (123 )
Strain (906 )
Strange (416 )
Strapped (124 167 750 808 )
Streak (678 )
Streaked (126 675 )
Streaking (91 )
Streaming (678 )
Street (68 102 789 1013 )
Strength (584 )
Stretches (444 )
Strides (69 )
Strife (220 )
Strike (229 )
Strikes (142 881 )
Strings (369 947 962 967 )
Strips (91 735 )
Strokes (676 865 )
Strolling (454 623 )
Strolls (160 )
Stronger (539 )
Struck (86 566 )
Struggles (141 885 896 )
Struts (676 )
Stuck (167 496 516 611 )
Stumbles (233 374 535 )
Stumbling (78 )
Stupor (563 )
Style (60 )
Suburban (68 )
Such (648 903 )
Sucked (208 )
Sudden (68 232 )
Suddenly (208 210 264 298 392 518 621 729 779 817 883 )
Sun (86 922 929 936 )
Sunk (172 )
Sure (907 )
Surface (106 )
Surprised (820 )
Surround (364 )
Surrounded (389 399 402 993 )
Surroundings (736 )
Surrounds (300 301 )
Swallow (188 200 )
Swallowed (961 )
Swaying (213 )
Sweet (213 888 )
Sweetness (815 )
Swig (136 499 942 )
Swigs (154 )
Swine (683 700 )
Swinging (232 )
Swings (279 290 372 )
Swipes (504 )
Swirling (215 )
Swollen (127 871 )
Symbol (78 )
Syringe (148 )
System (685 )
Table (99 122 124 135 145 183 201 223 238 377 499 518 590 684 685 734 735 865 )
Taboo (134 153 176 221 984 )
Tail (426 )
Take (85 92 135 144 147 158 180 225 226 330 453 467 565 589 595 614 727 910 )
Taken (561 )
Takes (135 145 170 236 238 276 283 497 498 556 559 580 581 629 771 788 801 802 868 884 941 942 968 )
Taking (154 )
Talking (295 412 451 513 596 828 )
Tandem (226 )
Task (243 )
Taste (764 )
Taunts (522 )
Tear (126 )
Tears (441 468 675 678 751 764 888 892 903 946 960 )
Tearsâ (690 )
Tearâ (756 )
Tell (152 175 )
Temple (657 )
Tenderize (213 )
Tension (738 )
Tethered (141 )
Than (107 408 577 )
That (167 245 267 271 279 290 304 370 408 456 460 470 478 482 500 507 511 516 520 525 527 529 533 554 576 578 592 601 633 668 685 741 806 815 827 842 876 894 905 922 932 966 )
Thatâ (446 595 607 806 807 837 )
Their (79 84 99 106 419 615 948 )
Them (201 204 208 504 708 738 952 )
Then (142 158 172 180 231 525 581 764 834 870 )
Thence (457 461 479 483 )
There (98 107 315 336 383 396 578 664 756 946 )
Thereâ (185 197 311 314 408 617 850 898 )
These (245 271 456 460 478 482 681 696 724 954 960 )
They (79 85 311 393 419 438 672 673 738 952 953 )
Theyâ (308 664 961 )
Thicket (516 )
Thief (958 )
Thin (66 273 )
Thing (315 842 )
Things (340 954 )
Think (430 601 667 710 741 806 954 )
Thinking (382 )
Third (109 428 )
This (90 98 124 131 132 140 144 218 222 279 290 300 301 314 331 353 355 376 382 402 408 412 422 424 444 483 496 526 577 586 633 727 747 748 777 778 781 831 843 856 873 878 898 913 917 946 961 966 )
Thisâ (86 )
Those (623 741 798 806 )
Though (98 109 393 546 657 894 )
Thought (369 395 414 )
Thoughts (140 )
Thousand (78 828 )
Threat (195 )
Threats (182 )
Threshold (247 )
Throat (691 )
Through (73 93 99 222 236 246 264 285 297 363 552 572 724 754 880 946 953 961 966 969 )
Throughâ (728 )
Throwing (233 340 )
Throws (141 239 343 498 571 )
Thud (142 )
Thump (877 )
Thunderstorm (84 )
Tight (277 )
Tightly (718 )
Till (686 )
Time (140 222 412 428 589 606 656 673 727 744 798 827 )
Times (798 844 857 861 )
Tinge (745 )
To've (945 )
Together (215 612 738 775 )
Told (152 175 220 )
Toll (562 629 )
Tolls (846 )
Tomb (397 )
Tome (318 )
Tonight (417 )
Too (136 875 909 945 )
Took (172 781 959 )
Top (246 518 )
Toppled (940 )
Tormented (137 )
Torn (549 870 )
Tornado (572 )
Tossed (317 )
Tosses (803 )
Tossing (242 )
Toward (74 226 250 283 440 665 685 868 )
Towards (79 462 485 718 761 782 919 940 )
Tracing (870 )
Tracks (69 )
Trade (633 )
Tragic (167 )
Trail (273 399 872 900 )
Trailing (268 363 )
Trapped (365 )
Trashed (549 )
Tree (68 291 292 305 309 346 451 )
Trees (407 448 )
Trigger (732 )
Trillions (396 415 431 )
Trudges (250 485 )
Trudging (82 )
Trust (648 )
Try (546 822 )
Trying (209 295 331 )
Tucks (135 )
Turbulence (90 )
Turn (349 352 357 417 834 843 )
Turned (261 300 689 )
Turns (69 85 121 144 350 409 471 488 544 669 769 832 840 916 )
Twice (152 175 220 221 )
Twilight (923 933 )
Twist (834 )
Twisted (522 )
Twisting (705 )
Twists (263 498 )
Two (73 640 )
Twoâ (640 )
Typical (68 )
Ultimate (79 )
Unbearable (58 )
Uncarpeted (61 )
Uncertain (68 972 )
Under (384 615 )
Underfoot (812 )
Undergroundâ (434 )
Understand (822 904 )
Understands (426 )
Undone (271 629 827 )
Uneven (121 )
Unfocused (88 )
Unfold (568 878 )
Unfolded (123 )
Unkempt (126 )
Unplugged (106 )
Unreal (637 )
Unscrews (239 )
Unsure (450 464 )
Unties (708 )
Until (77 86 213 245 271 280 358 580 640 686 708 )
Untold (562 )
Untrustworthy (305 )
Upholstery (735 )
Upon (85 242 264 291 292 305 309 354 365 443 471 475 573 615 657 736 889 911 )
Upper (205 )
Upright (708 )
Upside (686 689 )
Upstairs (247 )
Upâ (333 )
Used (122 124 )
Utensils (122 )
Vacant (218 )
Vanishes (757 )
Various (122 )
Vase (436 )
Vehicle (384 )
Veneer (91 )
Very (122 149 216 242 873 )
Vicinity (403 )
View (516 )
Vintage (238 )
Visage (126 )
Visibility (268 )
Visible (234 379 493 500 )
Visit (428 )
Voice (195 )
Volition (287 )
Wags (426 )
Wail (246 572 )
Wails (346 )
Waistband (377 )
Wake (86 363 904 )
Walk (946 961 966 )
Walked (753 855 )
Walking (382 392 402 718 782 790 919 )
Walks (428 440 552 761 769 865 )
Wall (124 136 142 168 358 572 573 725 804 808 828 876 )
Walls (58 78 284 297 327 328 547 549 614 )
Wandered (369 )
Want (77 689 703 784 795 )
Wanted (491 )
Wants (899 914 )
War (85 629 )
Was (578 756 795 798 )
Wasted (551 575 960 )
Watch (78 682 689 697 720 )
Watched (259 781 )
Watches (878 )
Watching (298 777 )
Water (59 )
Watson (21 )
Wave (522 922 932 )
Waves (90 186 547 )
Way (74 312 388 496 516 546 617 656 747 781 902 915 943 )
Ways (267 )
Weak (875 )
Weakened (218 )
Weakly (125 216 679 )
Wear (436 )
Week (218 )
Weeping (218 775 )
Welcome (18 56 131 132 140 543 902 915 977 )
Well (470 508 520 521 530 )
Were (243 397 )
Wet (892 )
Weâ (163 652 810 )
What (77 352 391 411 426 554 575 577 678 728 747 748 778 810 823 839 846 895 958 )
What's (887 )
Whatever (340 )
Whatâ (191 203 383 417 434 753 813 829 887 888 )
When (172 204 208 540 558 576 611 660 681 696 855 904 945 959 )
Whence (456 460 478 482 )
Where (108 345 391 395 411 414 430 438 440 447 450 464 499 546 549 603 664 )
Wherever (598 667 )
Which (68 243 280 317 599 686 795 )
While (154 161 167 341 623 )
Whimpering (136 )
Whipping (385 )
Whips (148 215 )
Whiskey (123 135 155 318 538 571 793 796 801 813 941 942 )
Whispering (155 )
Whispers (177 )
White (735 )
Who (395 414 427 430 440 899 914 924 933 )
Whole (959 )
Whom (846 )
Why (259 275 383 727 806 845 903 )
Whyâ (316 )
Wild (168 )
Will (396 415 431 434 438 453 467 527 568 682 697 827 883 904 )
Wilted (436 )
Winces (150 )
Wind (603 )
Window (57 65 67 105 291 304 309 312 337 345 347 350 354 596 599 609 662 940 970 )
Windowless (73 )
Windows (972 )
Wispy (900 )
With (59 66 68 90 91 105 106 121 127 142 147 148 154 159 164 172 173 181 189 192 195 216 218 231 236 249 273 284 336 339 352 361 362 365 397 400 404 423 441 444 492 516 522 580 583 587 612 622 629 638 679 721 738 745 747 748 750 751 777 778 788 791 793 820 828 864 869 874 877 880 885 894 898 900 906 913 969 970 )
Withered (309 385 )
Within (606 607 611 843 856 860 )
Without (845 857 858 861 862 879 916 958 )
Woefully (346 )
Woman (126 )
Womb (397 )
Won (369 )
Won't (932 )
Wonder (417 727 )
Wondering (383 408 423 )
Wonâ (252 256 259 275 315 438 822 861 )
Wood (404 438 )
Wooden (57 60 61 73 91 122 )
Words (399 400 456 460 471 478 482 536 570 )
Wordsâ (156 )
Worked (468 )
Works (318 )
World (67 77 578 942 946 961 967 )
Worms (438 )
Worn (322 492 735 779 906 )
Worst (614 )
Worth (453 467 )
Would (398 453 467 924 933 )
Wouldnâ (767 )
Wrap (571 )
Wrenches (354 )
Wrong (578 744 887 888 )
Yapping (419 424 )
Yeah (163 )
Years (960 )
Yesterday (781 )
Yet (269 298 660 )
Yon (947 954 962 )
You (118 131 147 152 153 158 167 172 175 176 180 213 218 219 220 221 225 259 275 316 369 370 371 395 396 397 414 415 416 430 431 438 453 457 461 467 470 474 479 511 525 533 546 565 586 592 598 601 614 619 644 648 652 660 664 667 668 671 683 689 700 703 707 713 720 741 744 747 748 753 756 777 778 781 784 787 799 815 822 823 845 846 850 855 857 858 860 861 862 887 888 894 899 902 905 910 914 915 923 924 932 933 )
You'll (894 )
You're (891 915 )
Young (947 954 962 )
Your (113 118 131 132 140 144 147 159 167 172 181 188 194 200 207 218 219 231 397 546 549 568 586 589 595 601 611 618 671 678 682 683 689 697 700 727 744 763 764 767 777 851 887 888 891 898 902 903 910 913 915 922 924 929 933 936 937 952 )
Youâ (131 158 167 180 213 218 219 228 369 395 398 414 415 416 430 456 460 470 474 478 546 549 561 565 568 601 617 681 682 696 703 727 728 861 862 895 902 904 913 )
